404008.46875
1774674.75
1411565.125
405895.78125
853410.375
279707.0625
443758.8125
363617.15625
377406.0
483627.0625
842556.125
842311.0625
216632.21875
558406.5
315079.3125
447386.0
568315.5
175027.53125
958988.125
293601.65625
181795.84375
270139.53125
192205.390625
755806.4375
1214440.75
438932.8125
369106.3125
593243.25
910331.6875
298144.15625
308410.75
594980.375
243409.421875
289860.78125
681875.875
592769.3125
702576.1875
455420.9375
362618.78125
598496.8125
1190433.5
141011.125
216995.734375
319762.25
337051.21875
141222.140625
495338.21875
289911.9375
361448.0
333657.0
355113.375
361854.3125
235513.84375
756723.8125
377221.78125
752858.375
315914.875
502972.1875
427370.4375
764758.6875
548163.9375
270302.65625
630480.5625
402938.0
266804.71875
709361.3125
539662.375
260432.625
130679.40625
157766.609375
1027758.4375
870059.8125
338077.1875
643952.6875
333826.0
271347.625
433985.03125
2205728.25
269699.59375
220200.5
937697.375
313743.21875
449000.84375
693428.0625
234011.109375
439675.625
176540.65625
277823.78125
446145.71875
495429.875
346356.96875
529702.0625
1628415.125
824910.125
255993.3125
1452417.25
223238.75
288458.8125
204468.546875
493272.0625
297117.5
729000.5
241463.375
2818458.75
737235.75
378814.125
337765.875
341754.53125
1121223.125
233931.6875
746744.625
251469.4375
1294121.125
242806.15625
177434.71875
436240.75
290280.4375
182271.15625
853801.125
546595.8125
1106566.875
233814.359375
368408.59375
692050.625
812768.8125
1597067.875
601844.5625
238096.015625
682123.0
234802.46875
256171.34375
867484.75
521670.8125
385597.65625
187278.703125
539502.3125
188432.453125
234658.75
128668.1328125
377562.96875
327764.09375
332270.0
1775692.25
293461.125
219210.484375
1708487.5
222628.359375
311063.625
207361.703125
195990.703125
246816.625
653212.0
202743.515625
309617.84375
301801.03125
357053.78125
333169.875
334981.4375
230704.984375
391793.96875
572516.1875
266061.25
1755363.0
1412036.375
602877.4375
189475.625
1051627.5
601834.25
689231.0
471275.03125
1123952.0
197136.0625
807030.8125
276585.0
587587.3125
332221.1875
885417.25
244607.609375
313656.4375
317885.625
1699546.375
353218.21875
2438193.75
372740.28125
437801.5625
201247.6875
497143.6875
312729.625
307135.71875
302457.09375
331842.5
558570.0
386014.15625
320282.0
371511.28125
471268.28125
478902.46875
401046.46875
674428.75
392536.34375
168760.65625
374551.53125
246073.453125
206428.234375
859919.1875
345996.125
1296522.5
2230201.25
333939.6875
547315.125
1424140.25
1018466.75
677534.75
296157.90625
226838.390625
559746.375
361986.84375
1436134.125
283022.8125
139032.171875
630556.3125
535230.375
324823.78125
1446605.75
298842.71875
332674.90625
327977.34375
490691.0625
311527.9375
383747.25
463538.25
500741.40625
328116.5625
695833.4375
316100.5
435491.6875
217989.453125
217730.171875
483328.28125
721092.375
205036.96875
217840.875
353802.46875
304603.5
626709.875
318383.1875
290809.6875
746414.9375
739991.375
283899.75
306852.90625
482248.125
317953.84375
326494.65625
555687.0625
154967.9375
274529.1875
712792.6875
284402.96875
301262.6875
416016.96875
258333.234375
717421.25
509080.6875
520092.65625
570705.8125
489649.53125
1463299.25
198653.609375
209438.1875
688931.9375
265987.65625
922996.0
417603.0
262348.34375
290407.0
245193.140625
139384.375
318503.78125
794497.75
311827.5625
1215996.0
480565.96875
340107.375
250927.0625
409163.5625
224207.40625
1025397.0625
408863.96875
188535.265625
1059314.625
1210754.125
1184913.0
3112623.0
203266.625
148325.375
1392716.375
375219.375
1037193.25
565766.875
351675.75
434698.75
421394.0
2524429.5
307534.9375
229103.78125
360877.96875
1213957.875
538619.125
302457.09375
850638.75
278271.9375
545382.5625
355303.75
395469.84375
323694.15625
416211.8125
505306.875
235453.421875
238185.484375
343843.53125
291168.21875
243243.5
328793.46875
480714.5
243887.625
775547.9375
377425.09375
256535.140625
447423.125
343744.84375
667311.125
249457.046875
192110.109375
240811.640625
414553.1875
1689357.75
386112.84375
351847.53125
290455.1875
739666.125
826971.5
268956.53125
963119.8125
330643.34375
1683009.125
322809.40625
420318.34375
148156.15625
417785.03125
945249.25
163565.0
1068158.625
400057.46875
358055.59375
292385.3125
492055.65625
440829.8125
992694.1875
439348.28125
464763.0625
562959.0
319912.625
430401.21875
1152598.0
405092.96875
408616.4375
454734.34375
783374.625
175430.28125
2583883.0
226165.734375
234243.109375
1047218.9375
482773.625
276193.84375
1292918.375
494604.6875
319502.53125
313105.03125
1116406.75
301561.0625
440661.6875
316935.75
718512.0
182545.84375
354554.0
1923087.25
608110.8125
483332.90625
619384.25
655578.5
961655.9375
260585.40625
433511.40625
121672.734375
695584.625
478745.84375
206297.75
438390.25
147656.390625
1641305.875
807086.25
609389.1875
1741589.75
283714.875
374968.59375
558122.6875
310441.875
198765.234375
267307.1875
238062.859375
173941.109375
461458.59375
672855.4375
358254.0625
873505.125
386731.59375
865446.1875
395776.9375
780922.8125
366237.40625
360301.28125
575788.9375
277552.875
367903.375
175486.15625
801926.5625
647807.9375
576003.625
214589.171875
417503.4375
266570.21875
1242940.5
387094.65625
330543.71875
492480.5
592349.4375
437758.96875
614272.3125
607045.8125
195156.421875
685497.125
623072.8125
427722.71875
331851.03125
228678.125
314525.125
703689.3125
200704.890625
553809.5
518724.0
505413.40625
347456.3125
249043.203125
709500.6875
1750925.75
1293940.875
459265.1875
468958.03125
731155.4375
1866611.375
329356.46875
1382658.625
358041.25
295828.21875
316179.1875
839842.1875
286651.875
275903.1875
228933.203125
1364752.875
252025.234375
844980.625
338667.40625
550576.625
383304.6875
756443.875
463210.8125
961481.6875
236550.1875
812162.875
198839.359375
317341.9375
464386.03125
651242.125
299587.78125
384014.875
719085.0625
460847.75
775111.6875
303910.3125
336182.53125
1256672.25
1322895.0
311598.375
295660.375
539327.9375
687115.75
401777.65625
616376.6875
567788.9375
459075.15625
764584.375
218085.3125
296743.40625
250663.96875
206221.625
822977.125
630791.4375
344727.40625
1463317.375
190460.265625
347807.40625
716076.0625
179094.65625
228075.703125
594942.375
234707.546875
575645.625
686541.3125
2982765.5
495349.09375
652364.125
797037.8125
325450.15625
531733.125
415971.34375
422771.03125
398437.0
199208.71875
393364.1875
679474.6875
280068.21875
380457.46875
344600.84375
603208.125
509526.0625
864787.0
312831.34375
455016.3125
603407.8125
700843.625
621748.5625
1251978.375
485521.3125
1289193.75
408036.21875
264408.75
378184.96875
207192.890625
360774.75
1085809.875
393117.03125
337817.09375
444017.90625
205304.25
496657.96875
273119.03125
242262.609375
295843.15625
133374.046875
646098.9375
499924.53125
540793.75
379610.125
447441.46875
803525.8125
396857.53125
179125.234375
212978.328125
248759.0625
313759.65625
301894.0
1286311.5
453564.9375
268471.9375
278365.625
508418.40625
557713.5625
286186.71875
306014.78125
1706596.875
354588.15625
1149896.0
373929.4375
393506.375
1674672.375
256836.46875
287331.1875
218624.875
1198386.5
673676.0
717082.6875
471836.28125
349781.59375
601253.6875
770426.0625
533835.6875
165192.203125
179293.921875
215754.53125
1395106.625
528786.9375
861410.5625
587055.1875
215363.9375
220572.515625
379911.4375
261107.0625
572429.375
269970.5625
1163661.5
383224.28125
515332.15625
385470.09375
306063.53125
237308.484375
805117.4375
341003.4375
198854.71875
196863.640625
319272.5625
271966.8125
306454.3125
206968.75
310647.40625
279868.5
1632714.75
122919.390625
339494.25
343266.21875
510168.375
456899.59375
386342.3125
371288.15625
403319.0
202454.078125
318190.75
411493.0625
324403.0625
276299.75
678577.125
201488.3125
990461.5625
324316.78125
136804.90625
185565.21875
323297.40625
1013864.5625
274250.5
310140.625
148923.515625
1004593.125
751070.5625
1565323.75
223954.171875
276506.65625
1262164.75
482685.25
605330.0
397465.0625
447653.1875
283940.90625
926590.8125
783184.125
396961.625
335240.28125
406690.875
174941.765625
163851.5
587191.8125
795792.1875
434851.75
923791.1875
412181.5625
298361.1875
559540.3125
716089.0
926036.9375
329393.21875
1126213.75
1176472.5
157904.796875
142503.078125
208455.40625
309176.4375
1068880.125
428166.34375
502874.34375
248387.84375
382137.09375
337117.09375
391783.5
681824.5
649414.375
558274.4375
467251.8125
277558.1875
298406.40625
380936.34375
340769.375
260057.609375
313257.375
237980.6875
904606.875
333859.125
1207521.875
1774666.25
1880987.75
383567.25
1084714.875
689390.0625
191105.8125
154593.890625
224974.40625
984289.125
209406.03125
709478.375
541883.0625
1144451.0
194067.53125
1667846.0
1283951.0
422014.53125
1105268.5
636029.3125
328577.5
920687.375
809381.625
361930.90625
717545.8125
1165800.75
936106.9375
412403.71875
222352.734375
432139.34375
367581.40625
726776.375
287241.625
213393.484375
965791.8125
207723.921875
293159.28125
293405.15625
157673.8125
531895.9375
429297.6875
421545.53125
528073.375
919623.8125
1430528.375
682655.3125
218773.78125
294873.90625
394024.59375
193451.28125
271686.84375
816476.875
708534.4375
786621.4375
826320.3125
486844.125
484391.0
394192.21875
1313981.625
1546991.25
273064.09375
1167143.5
188535.09375
445614.625
245304.0
262713.375
304203.1875
499839.65625
966396.1875
570773.875
1117140.5
253066.40625
518937.25
498874.375
270158.59375
344763.25
366283.53125
145398.390625
355133.6875
230217.953125
398220.46875
268471.9375
664549.1875
382006.65625
463882.3125
514006.90625
1437656.625
412602.0
554601.1875
316642.09375
920462.625
904235.125
516068.375
375649.03125
705772.125
134810.125
446620.375
252567.5625
312619.59375
733438.375
424590.5
373282.75
261569.140625
552071.9375
224228.578125
236214.0625
173730.0625
205473.484375
659182.6875
250941.421875
422443.375
1131564.5
371054.875
896306.3125
477128.6875
345641.90625
461139.65625
443340.0625
194074.203125
146848.78125
698738.75
1432863.125
257012.40625
244501.5
957572.5
1080579.75
1021741.375
370475.0
372616.59375
488147.75
1246279.375
341150.8125
375716.375
382795.46875
228653.046875
689348.0
201860.859375
569157.3125
263825.375
695086.625
418868.1875
337918.28125
696931.25
1087177.625
358288.21875
328953.75
685046.1875
527374.3125
782834.6875
291574.75
582269.5
431572.21875
368519.28125
319788.15625
320457.6875
527982.75
410656.46875
296165.8125
260987.0625
171260.40625
553106.9375
744766.75
162470.21875
333569.1875
236562.375
423936.625
661958.375
476539.78125
276520.625
397439.28125
406362.125
530524.0625
475701.59375
439661.375
520841.65625
1195595.5
492241.03125
192676.875
720801.5625
741573.125
855864.4375
306606.03125
525311.75
223406.578125
320393.8125
223741.328125
310315.1875
215451.453125
225952.515625
324410.1875
187413.25
769503.75
535911.25
581591.875
725444.75
308255.78125
226602.71875
336325.21875
313805.75
205455.0625
540150.5
388566.71875
192585.015625
300983.84375
423243.84375
902488.8125
191019.265625
565706.4375
965366.375
319294.5
175696.328125
1400355.875
198867.796875
251345.953125
1161117.375
442294.84375
272602.25
163637.71875
781354.875
582601.125
718903.375
788522.4375
305255.1875
324942.78125
224028.296875
914578.1875
919390.5625
249120.640625
142652.09375
1937870.75
752076.9375
210772.0625
372037.8125
196820.84375
323447.28125
841978.5625
679886.9375
1308936.25
751929.1875
512529.125
265689.28125
365635.75
499639.96875
319037.59375
544919.875
389256.96875
462383.71875
177651.625
238252.046875
383550.4375
198210.21875
630473.9375
187186.578125
757868.5625
226318.921875
537908.6875
277044.875
110380.375
1247595.75
382414.15625
459786.25
545234.875
236236.140625
251488.859375
2252370.75
278999.5
443601.84375
176853.234375
204324.6875
341930.25
564472.3125
331722.25
272968.25
530846.9375
278078.78125
255615.671875
164682.09375
228547.53125
192373.1875
1257892.875
277398.875
179840.890625
291486.625
358298.8125
595899.75
216606.8125
127869.21875
216633.046875
930592.75
986908.75
204271.5
1016418.4375
280441.34375
213797.421875
820543.75
243214.046875
254146.0625
310563.28125
456129.0
413818.875
196812.203125
265603.90625
140742.296875
1633244.25
804070.8125
413657.5
239181.125
325500.75
687744.4375
563247.375
624660.1875
266884.875
561263.9375
254451.875
268471.9375
355019.5625
652450.5625
271665.59375
680065.875
210149.453125
241637.0625
400297.90625
798328.0
679827.9375
238020.859375
574090.8125
296275.15625
269282.46875
366039.0625
2977490.5
327100.21875
223465.8125
437650.4375
232993.671875
495271.15625
419745.125
355263.4375
165508.53125
1797838.75
537541.0
391015.6875
534250.75
259368.3125
718695.625
687271.0625
1214129.25
328921.75
605330.0
245912.0625
814521.6875
246103.734375
372150.65625
469410.40625
423131.625
217630.3125
260656.0
463650.5625
340128.78125
266383.6875
673861.0625
361023.25
946738.6875
182321.046875
714400.125
568241.8125
278408.09375
315769.6875
167428.984375
511556.40625
318151.3125
305116.0625
406788.25
1008751.0
389928.34375
819180.125
751322.75
293460.5625
947099.0625
701979.4375
147501.578125
199988.78125
433741.34375
333161.3125
241970.515625
279582.28125
1176326.75
939034.375
888495.375
184673.5
552941.875
287375.0625
211834.4375
324703.0
271875.53125
498262.4375
481586.3125
491913.0
207585.484375
1953662.0
385285.21875
231404.390625
193636.96875
387939.125
765270.8125
1156471.5
637341.4375
225031.703125
699423.4375
280956.65625
474479.15625
1926909.375
186293.453125
606738.4375
640216.1875
424065.625
754685.0
249470.359375
348399.3125
929845.75
304294.5625
260868.375
808101.3125
488717.4375
731578.8125
272903.1875
335911.0625
231691.453125
394553.65625
699981.3125
567613.5
388704.59375
283456.0625
405542.90625
260878.828125
375319.21875
818587.4375
395078.53125
869421.9375
457974.9375
409884.125
215383.65625
507697.90625
199546.03125
407066.5
177574.046875
1078183.375
315552.03125
276183.5625
1060183.875
223934.734375
245789.203125
454738.6875
279924.03125
1860119.875
627825.5
283264.75
1590764.125
681755.5625
419554.625
135542.875
241522.09375
1058885.375
360161.46875
383539.8125
179180.59375
395034.46875
332768.1875
448361.5625
239062.765625
898345.625
801522.125
1589875.375
253789.53125
550598.6875
611788.8125
461536.9375
149416.875
197378.734375
1194572.0
393267.40625
557304.1875
1108079.125
292344.625
347741.75
313038.15625
296743.40625
533403.625
375719.59375
404323.78125
359833.9375
390085.3125
528363.5
188214.421875
606415.6875
819380.9375
346418.40625
1104883.875
336332.28125
302433.4375
377822.6875
216045.671875
520175.46875
510451.625
301793.53125
716472.9375
381770.28125
476367.5625
152568.0
868682.6875
375019.375
345253.15625
232877.9375
490032.59375
679120.9375
868413.4375
449444.6875
393467.71875
774087.8125
386574.875
187754.578125
1296740.125
219494.359375
393492.125
546770.4375
241414.5625
811226.25
466842.9375
321370.9375
172818.734375
515189.625
430187.4375
510946.9375
186180.859375
179830.59375
506919.46875
283992.625
237110.09375
289377.4375
557081.0
214257.90625
290348.5625
1057262.875
605749.25
249469.421875
1379274.0
759617.5
652204.875
806407.625
597396.8125
505665.0625
533071.5625
158293.03125
551896.625
277389.09375
333882.03125
571668.3125
512650.375
673207.8125
520670.3125
149098.3125
935463.5
242688.09375
344060.6875
370951.5625
830615.1875
753206.0
1475063.0
881473.4375
460689.09375
153039.28125
632380.375
193419.734375
1428998.5
680658.9375
1541649.5
276358.5
497382.21875
293239.53125
733595.8125
216866.84375
666392.1875
374201.28125
1534084.625
740946.125
568122.5625
600438.875
267814.96875
1748736.25
365052.84375
798129.3125
761372.625
225414.875
812754.875
485638.46875
898156.3125
702832.1875
699424.75
226964.328125
370531.875
423371.0
425339.4375
629715.5625
323652.15625
373808.9375
558158.375
2390462.5
530825.1875
213487.328125
1672466.625
1235852.125
372722.84375
706530.4375
423522.84375
346944.40625
2071112.125
739455.9375
234806.28125
443294.375
1046269.5625
1339588.375
474398.1875
208924.890625
249831.546875
525916.8125
302163.59375
193806.375
449310.96875
365989.15625
329620.75
209789.21875
510376.1875
286557.59375
211712.859375
281026.3125
650153.625
974107.625
440650.75
338462.6875
274030.875
443808.34375
980387.25
177511.90625
650425.25
242515.265625
278309.875
308378.125
1000898.0
690437.5
519552.28125
547722.375
1268007.75
322134.65625
239191.15625
293039.9375
391861.96875
315209.15625
689544.5625
512312.15625
748445.0
474796.03125
972042.8125
882053.625
304631.375
195803.3125
346301.125
609617.0
737532.5625
384977.0625
1841358.125
325223.03125
1527797.875
319469.3125
471248.53125
232881.921875
542361.8125
370465.46875
378934.46875
218375.234375
780003.5625
159667.265625
1774360.0
1449399.375
168602.6875
350296.6875
155237.890625
816948.125
222710.75
754149.6875
763383.6875
291755.0
271554.46875
342425.59375
286011.0
770869.9375
545555.8125
418978.84375
649229.8125
979115.5625
1218760.375
545805.0625
255678.578125
224512.515625
324077.78125
573154.25
553309.5625
95986.875
332537.875
499706.6875
342136.0625
408216.4375
180812.015625
1761448.625
454504.5625
202984.0
739360.75
513584.53125
623954.625
402283.375
509205.9375
478217.4375
357133.8125
226532.703125
497957.9375
366465.90625
580255.0625
762108.5
417853.1875
464892.0625
357696.21875
522890.625
1098685.5
199232.46875
321023.25
1288665.25
231425.125
691637.625
862921.8125
258474.4375
204112.796875
263916.71875
558723.4375
296485.4375
360106.84375
204039.8125
420346.8125
731963.3125
846828.8125
789654.25
595860.5625
307112.59375
431988.9375
225561.546875
315880.53125
207533.03125
333379.65625
1056290.25
244236.75
233209.53125
190799.140625
226094.78125
686837.9375
313281.5625
319311.25
327458.21875
303306.59375
181524.53125
782504.75
165395.234375
575504.5625
886996.0
441956.6875
461826.65625
421004.75
265179.4375
493972.0625
601179.75
376163.09375
1487620.5
345733.21875
286969.1875
528524.3125
973277.5
910138.125
445783.375
249571.96875
264757.1875
829584.5
691311.8125
329903.46875
491646.625
458662.03125
219539.78125
747913.4375
602526.8125
422887.96875
250399.484375
392669.28125
357026.1875
437781.53125
179327.265625
381635.21875
734155.0
188702.734375
348562.15625
571347.3125
1388339.0
347592.21875
508406.78125
386360.375
182409.234375
129210.2890625
509363.8125
267235.84375
518069.9375
357501.8125
587837.25
258765.21875
425163.84375
640588.75
594155.375
380801.21875
768405.25
417881.46875
917472.375
734035.25
187412.53125
474763.875
915049.3125
289588.09375
359255.46875
240929.03125
685236.3125
1135360.75
762253.125
215009.328125
645167.3125
230073.3125
2217829.5
271031.09375
279176.46875
429939.28125
285845.21875
194732.359375
457736.53125
260701.984375
362325.65625
1036564.375
142173.078125
1906477.25
855964.0625
387133.0625
252015.859375
276897.21875
487228.25
452019.46875
310006.09375
333541.53125
796309.9375
325368.21875
600523.0625
807530.5
294388.375
609297.9375
293183.90625
510309.96875
630138.5
720994.75
417508.21875
262314.0625
2940591.0
223086.796875
337166.9375
395573.1875
233158.15625
229194.6875
478769.59375
414747.75
309161.6875
630461.3125
570828.3125
892132.75
672253.8125
1362505.625
319707.375
289831.21875
224827.484375
780100.3125
1054457.5
234041.25
653383.9375
207580.34375
1990468.375
368158.1875
1531379.0
886522.4375
511831.625
352948.5
490589.96875
404415.5625
452853.09375
152181.3125
350262.625
473639.15625
487134.40625
1005018.5625
763233.6875
460816.53125
1279818.875
252996.671875
258062.125
1489396.375
599166.125
621876.625
959208.5625
246029.578125
380738.78125
193279.046875
328989.5
759117.0625
338546.625
459812.125
292265.1875
242292.875
587002.0
242221.015625
214140.03125
1211864.25
363039.90625
465526.0625
458929.8125
321171.15625
1243126.5
216754.765625
149443.234375
237492.546875
252534.796875
273253.46875
163974.671875
319285.0625
194721.953125
954350.625
253558.5
552187.25
188957.1875
570740.125
239852.90625
205419.796875
685964.0625
330659.75
1003753.25
779830.3125
366945.71875
222331.75
278150.9375
248338.328125
256180.640625
206044.90625
598690.875
418220.75
621212.1875
298277.25
1438726.375
412058.9375
558832.6875
244272.15625
1701661.25
362087.65625
204181.71875
355780.15625
218389.1875
332719.0
146276.125
414987.5
529718.1875
299436.6875
738239.0625
471811.0625
324909.625
285810.875
346081.59375
207656.578125
459163.59375
1201515.25
221515.65625
1577209.625
166902.734375
180740.46875
203922.703125
2231975.75
361812.5625
556136.625
373159.59375
367481.875
237052.203125
1317037.75
377406.375
154987.734375
330501.15625
645150.6875
235654.03125
551060.4375
319561.34375
681159.625
427688.03125
262488.25
605510.125
620502.8125
206062.984375
486953.71875
879497.625
400935.1875
269083.53125
938423.8125
216056.796875
355072.40625
468061.75
292621.59375
591563.625
378892.90625
808931.0
471324.46875
653167.125
1580272.0
625865.3125
277901.15625
380067.25
176344.109375
519858.59375
387710.90625
779534.375
272500.34375
623347.375
571282.5
182051.75
584663.3125
401527.90625
374540.09375
441268.53125
502082.71875
263711.4375
2112722.5
272177.25
444402.5625
535700.6875
511051.21875
547735.4375
1072092.875
680366.875
1097106.625
868333.9375
190787.859375
199744.046875
714839.6875
308495.46875
198351.671875
370305.4375
1098567.125
349952.78125
1351914.125
600742.4375
548939.75
302763.875
293966.71875
241146.265625
442542.53125
456190.78125
2005454.25
1305444.5
247760.421875
713847.125
220860.890625
411828.34375
805085.1875
626533.5625
439545.65625
799102.6875
294724.625
658599.5625
982089.4375
471553.78125
358430.375
200312.703125
127250.265625
329834.875
352368.0
518530.625
189069.140625
763594.8125
650172.25
296491.9375
286217.84375
167542.078125
291797.0
177237.875
471964.53125
432408.96875
510162.0625
463769.0625
939613.9375
748709.1875
121865.2734375
308713.28125
1008959.8125
941861.3125
285243.125
611153.8125
625183.4375
1101380.625
273490.96875
1093518.5
308879.0625
847985.25
152035.375
268591.28125
756472.0
510867.03125
478991.09375
530337.375
207752.84375
217436.546875
362416.53125
141148.5
361224.375
461618.375
1481723.375
397724.40625
875004.1875
434724.875
595309.0
239105.859375
422086.96875
220250.90625
271647.21875
273375.46875
113081.84375
1361310.75
602701.5625
136591.75
306274.03125
576955.875
338690.96875
1058373.5
621527.4375
327112.375
676451.375
231851.265625
512690.46875
915431.5625
289189.0
604702.8125
241076.8125
1359589.125
248348.75
196318.0625
897907.9375
678632.125
330349.59375
449615.3125
230310.828125
767864.625
788588.625
347684.71875
651368.8125
317952.625
628060.25
244443.203125
287375.0625
204766.53125
1307837.0
213460.65625
340790.1875
546704.25
485404.1875
251754.015625
327154.1875
570908.875
235812.96875
450485.28125
986004.6875
379651.375
1533555.125
1003945.6875
506744.03125
212542.078125
241887.6875
262830.15625
174828.515625
714340.8125
1242629.875
161987.359375
862415.875
436184.15625
869134.25
518752.1875
1032241.625
153119.859375
388017.5625
456471.90625
289894.8125
496501.6875
475472.09375
576078.9375
259411.109375
547617.4375
610892.75
387939.125
459702.0625
258639.15625
340813.90625
149045.421875
269426.84375
968118.375
301220.1875
424657.3125
186895.8125
220159.765625
263620.15625
666931.3125
340454.28125
613332.8125
404358.09375
187208.0
306527.09375
390453.40625
825074.5625
344238.90625
510309.96875
108440.8125
373903.0625
335453.9375
417099.09375
767493.4375
766360.5
233910.9375
799338.1875
833862.1875
431656.1875
319133.4375
514056.90625
978021.8125
236583.796875
484796.28125
396556.0
210257.703125
297517.84375
1506990.25
280177.75
562591.3125
357442.84375
514326.625
828266.6875
205222.625
375471.71875
477664.53125
899414.5625
286058.1875
333412.40625
175448.015625
472024.84375
1347216.5
276697.65625
462627.625
722980.5
215340.53125
214393.421875
260117.625
259687.84375
280751.46875
280229.3125
416297.96875
329647.78125
282591.8125
211120.484375
393691.4375
318464.875
349433.1875
264776.375
245871.953125
999563.5
249307.6875
403214.40625
222449.03125
341925.6875
317485.40625
992414.9375
862991.75
1199217.75
199426.359375
194263.265625
313894.625
363256.0
364224.53125
422251.65625
452911.84375
338814.375
541667.125
563269.9375
384169.09375
340669.9375
279720.40625
184122.71875
336660.25
572451.1875
332951.65625
401162.375
445946.21875
876892.9375
412811.375
559312.0
598080.875
201203.75
208087.546875
631895.125
807934.875
504294.0
479013.46875
405583.15625
479143.21875
310728.28125
557742.25
357460.90625
778625.6875
1373653.0
833485.3125
287344.34375
463951.34375
357194.78125
780840.875
356506.3125
268153.34375
255242.234375
356356.40625
269408.84375
412067.1875
962166.0
578635.375
454172.21875
337116.15625
214895.34375
661883.25
693452.5625
270720.0625
398155.15625
1244245.0
232464.984375
475972.03125
689140.9375
112002.875
464624.8125
845230.5
710323.25
229291.328125
387946.53125
454784.21875
886437.875
352903.0625
293073.75
254633.9375
419036.375
675496.625
275687.0
314725.53125
1004963.9375
352870.75
163566.5625
857855.0625
360496.5
517812.59375
232112.765625
597481.125
781442.0625
508493.09375
470263.53125
575788.9375
639111.4375
229266.625
640526.4375
374866.71875
373538.09375
539318.1875
556693.3125
256211.65625
545243.75
326326.875
393262.53125
545597.9375
380280.4375
327428.25
314572.8125
511928.78125
301369.875
504063.1875
274576.84375
364798.09375
162648.1875
192371.359375
254271.15625
1140657.0
921964.0625
434779.59375
355695.34375
283428.21875
715398.25
957900.375
1139884.875
361189.5625
403684.1875
461385.125
770257.0625
204974.015625
267252.65625
130873.59375
607981.5
1599361.875
293441.8125
217152.859375
218846.40625
578801.5
337578.46875
180281.515625
1205983.125
305564.8125
258624.109375
299909.9375
628609.75
584449.25
319324.9375
255093.5625
567532.3125
463900.46875
308483.71875
697102.75
517383.625
937953.1875
323251.15625
275024.1875
577935.5625
626592.125
1827485.125
1597221.75
542210.8125
432354.9375
1489723.125
3045569.0
197479.46875
729692.5625
226493.828125
1045085.875
276206.75
361716.28125
866439.6875
249416.84375
278386.84375
193813.21875
250203.984375
1571222.5
421800.0625
2604320.0
253195.5625
639738.3125
503132.4375
371781.03125
286396.6875
191680.59375
278759.59375
491448.78125
466120.0
426147.84375
423895.0
481852.3125
806234.625
300551.3125
375229.03125
782465.9375
261841.1875
1563022.0
503054.71875
776116.1875
183301.375
254619.359375
298447.6875
408652.6875
323014.5
465616.625
252376.625
515540.0625
596446.6875
454875.75
193529.15625
637880.1875
748027.5625
489168.34375
721930.4375
192784.390625
225690.640625
947605.875
234641.296875
503445.84375
517775.0625
1389018.375
811442.125
892507.1875
388804.34375
197071.203125
504159.8125
822148.75
1121496.875
817247.3125
307487.71875
897271.0625
544947.9375
227940.671875
256944.03125
470887.78125
1700506.125
400489.21875
355940.34375
363100.15625
1032671.875
439097.78125
165328.375
614341.5
183306.09375
133509.578125
241588.671875
464237.25
307178.5
688415.0625
587679.75
2308569.75
407745.65625
278261.3125
388891.09375
315980.5625
804593.9375
333164.15625
225707.640625
186337.875
254207.140625
191766.890625
1362216.0
749759.5
275353.03125
485638.46875
465820.0625
628905.375
224340.21875
241849.625
297160.28125
403665.71875
306307.03125
160232.578125
279714.8125
446864.9375
587296.5625
309327.71875
391762.21875
636194.9375
306163.65625
370758.46875
368158.53125
1018474.5625
315499.96875
590516.875
138214.375
298381.65625
766447.5
506921.40625
1282873.875
728953.25
574407.875
873311.0
700679.9375
130155.1640625
1450929.0
451216.65625
1111487.0
328267.71875
649267.0
1530014.125
428731.84375
357525.6875
632735.125
335615.53125
433444.03125
1585268.25
686934.875
573158.625
406929.09375
196318.0625
519138.71875
508654.59375
200020.25
376883.40625
605174.6875
288223.15625
665150.25
399041.25
348595.09375
553820.0625
224693.515625
288758.28125
137174.359375
419916.09375
564033.1875
1401065.125
761812.75
2075091.875
311891.8125
535308.5
518756.65625
1026802.3125
853120.625
252606.578125
1069985.625
136680.890625
348609.71875
267613.78125
772721.8125
394755.78125
268400.5
210107.96875
181666.546875
552033.5
879463.25
1345064.875
522248.25
229019.25
313301.28125
349864.34375
97855.96875
982799.625
658860.3125
227371.625
1382542.625
566824.8125
286997.375
478596.125
462505.875
868729.875
674574.125
272906.0625
146471.84375
267591.09375
444242.375
289986.59375
618287.125
396359.78125
317817.125
213535.578125
254918.453125
315314.375
470413.34375
395328.8125
277939.0625
278079.84375
361616.25
313066.8125
170059.453125
259882.078125
646521.75
1140130.625
423041.25
867612.125
362488.09375
837616.9375
1430806.75
389092.90625
667541.5625
278198.15625
374812.71875
425590.1875
212601.28125
541863.9375
290134.59375
529707.5625
307524.96875
246043.1875
159915.96875
307395.0625
905045.25
322125.4375
468662.5
216640.703125
409445.375
961276.3125
1268383.875
207024.8125
338701.0
633351.5
560141.5
282114.9375
317136.8125
664091.75
767442.1875
277159.28125
345387.84375
234949.40625
883290.25
220656.875
366212.625
142350.265625
628196.25
608934.875
298643.5625
170831.390625
384784.34375
427179.3125
371274.0
321078.375
542539.75
178862.6875
232785.109375
325322.59375
278752.9375
417129.34375
338052.375
177977.546875
889904.75
748390.75
1353862.375
1078537.125
322927.3125
310774.8125
272726.28125
540564.8125
965806.5
1063234.5
408865.53125
321896.34375
313743.5
209731.40625
488209.6875
941996.9375
449005.125
219475.515625
735837.25
388301.125
215933.40625
350041.21875
539446.75
481977.3125
454354.625
590770.9375
453619.03125
798671.4375
1393731.5
413192.65625
373216.90625
259057.578125
175099.828125
565911.5
309229.21875
239780.640625
802647.3125
269440.1875
1295279.25
581378.375
227950.875
244716.109375
204458.015625
418539.9375
282449.28125
181914.984375
567675.75
286824.4375
421584.53125
544424.3125
927326.3125
662382.0625
422065.25
1273736.875
823835.375
507382.8125
258883.453125
1569682.75
303272.1875
205362.609375
836796.9375
634669.625
379612.65625
373196.25
892579.5625
262504.75
627067.375
538853.4375
483393.75
516369.1875
480194.4375
702848.9375
421124.40625
224432.875
556301.0625
333425.125
519512.65625
196392.40625
328988.875
256752.46875
290705.96875
585550.0
706986.0625
628578.5625
763948.0625
178620.984375
499042.8125
369321.8125
426941.0625
274550.375
318101.5625
410696.4375
1006815.375
772318.125
319239.09375
944297.75
233942.609375
389959.21875
296560.9375
246666.015625
559037.875
2196879.75
207816.046875
238744.484375
508711.84375
362836.71875
333621.375
606019.0625
343198.15625
232232.546875
270302.65625
452183.3125
239352.953125
698003.4375
172352.9375
1211709.375
490575.0
359114.34375
325214.96875
2173129.0
808686.5
643279.3125
391100.71875
1032543.875
882291.75
874990.8125
155280.671875
159060.859375
767194.875
336928.125
593933.3125
287602.34375
303243.25
328909.8125
351748.5625
316142.125
1431975.25
557462.5625
190794.953125
395775.4375
332920.53125
1220948.625
411514.25
395718.4375
331437.65625
332628.5625
471603.25
327665.96875
220923.671875
1026101.375
148341.78125
275526.125
1294602.5
446824.03125
594780.6875
1021227.0
231581.875
296453.5
553747.125
165819.921875
357484.09375
541159.5625
235002.296875
681200.5625
396568.46875
310641.46875
259136.640625
194603.328125
1622871.125
559289.0625
180991.78125
229172.625
1098177.5
529336.4375
537811.75
640882.625
602569.9375
948184.4375
142072.640625
717351.4375
179218.875
326676.25
262867.75
420326.75
610850.1875
588515.4375
631040.5625
409356.75
319304.84375
252558.640625
1129900.625
961260.75
551341.625
546442.0625
530190.25
176067.859375
479483.78125
348206.0
246274.65625
201152.703125
432239.90625
275171.90625
400373.125
303567.90625
412768.46875
328592.21875
225409.296875
926284.25
2603063.75
397716.84375
1402410.0
497574.375
680847.25
353723.84375
398590.9375
175496.03125
656821.375
375994.875
692487.6875
303879.875
324971.59375
852495.25
374773.40625
665704.25
218950.359375
178041.71875
317334.65625
275761.9375
150549.84375
1400223.625
354717.34375
814300.3125
685046.1875
1679845.375
581615.1875
306202.5
594752.875
205702.296875
259447.21875
748588.5
271853.25
551768.75
868333.9375
190137.40625
235698.984375
210444.875
860535.3125
379517.8125
180293.375
828840.3125
746633.5
1124517.0
629367.375
575561.0625
341071.09375
756384.75
836443.5
149018.28125
833525.875
1105340.25
1782268.125
321192.0
982015.4375
365757.125
483006.65625
180035.140625
476473.90625
204725.515625
133759.5
461016.53125
761059.75
354020.84375
437421.78125
303399.46875
109758.7421875
335465.125
457222.59375
276067.15625
175647.5625
2701566.5
163988.59375
238888.875
566758.375
463014.71875
318391.6875
555518.5625
436196.21875
178339.78125
265296.5625
241041.40625
505219.65625
208204.078125
250008.390625
222064.53125
640323.6875
798148.3125
260400.578125
303650.71875
531036.3125
482811.84375
963456.0625
455939.8125
483621.53125
261154.375
343768.78125
2234171.25
178467.734375
384168.375
474391.40625
1448201.5
218926.359375
400765.84375
332300.40625
264449.09375
261387.609375
1017700.75
302145.71875
276808.75
440885.75
143850.609375
443818.5
382551.3125
381680.0
325324.15625
280027.375
435090.6875
343461.40625
250890.21875
331567.59375
562796.3125
1463438.75
146823.015625
347625.6875
309387.90625
1091586.75
1225807.875
1030656.9375
242026.140625
648681.5
995710.25
406263.6875
471187.84375
197146.59375
296181.0625
294240.46875
171793.671875
661999.375
103847.1484375
679671.0625
317741.65625
382052.90625
598891.3125
196731.515625
878369.375
454632.4375
287130.6875
221071.40625
216907.796875
2883745.25
236065.21875
210308.03125
415484.09375
489118.90625
254064.140625
257469.1875
1018120.0625
365309.53125
914478.75
139201.859375
261181.28125
136757.9375
709639.4375
915495.3125
248160.765625
545426.25
329647.78125
1183246.25
1642201.375
434932.625
499285.59375
493677.71875
557671.0
245120.421875
301087.5
322561.96875
573638.1875
416471.09375
759837.0
275940.5625
1023269.4375
244688.34375
238878.859375
203743.46875
606771.4375
203739.984375
550593.9375
362898.3125
343612.09375
813072.6875
567075.1875
207543.53125
585221.6875
368894.84375
515625.125
272437.21875
938677.125
390518.5625
265183.0
365049.03125
377883.9375
664013.25
220778.546875
239349.515625
418415.4375
238986.859375
564750.1875
212781.609375
298600.84375
281012.90625
722501.4375
1347528.75
553419.8125
180730.984375
510598.15625
719572.125
443921.375
552950.8125
366347.09375
212718.5
258201.453125
586060.0625
697564.25
350995.25
286322.9375
201348.859375
484450.125
324983.375
500713.71875
533046.125
256641.09375
429932.3125
186520.640625
335850.84375
281400.1875
475336.96875
345437.59375
418395.46875
638874.375
582125.1875
367619.625
354404.90625
487565.71875
399433.40625
306703.125
1847532.125
672730.9375
261820.203125
995184.3125
529371.25
428447.78125
422056.375
1482797.625
423707.46875
611788.8125
289485.375
427470.28125
267866.84375
784071.1875
533620.875
328615.09375
287805.375
569408.6875
521462.90625
262153.75
296559.8125
221343.546875
425068.15625
632765.875
252607.78125
271053.0625
307202.21875
1057297.125
815644.125
281978.03125
553253.625
1076542.5
352047.21875
834653.8125
1258258.875
1381954.625
705261.4375
226039.59375
1290250.375
364772.71875
236429.53125
441909.90625
188192.34375
1461342.625
198494.71875
477169.1875
562271.125
435116.40625
459786.25
213902.046875
310417.3125
285486.40625
676268.8125
1016815.9375
601536.4375
556611.5
707593.8125
1057531.0
189574.3125
543608.75
369667.84375
776325.6875
1255958.25
655159.125
1239160.125
680391.5625
115725.75
2025397.375
1572675.125
531060.125
1644530.375
454619.0
377584.59375
459531.125
407318.90625
244612.515625
632197.0625
382159.6875
1741998.375
621529.1875
808768.25
218208.6875
308886.125
483463.8125
418736.375
249061.734375
424287.71875
572236.6875
682814.875
803009.5
1559944.0
1448244.25
337782.625
457978.4375
651325.9375
272836.84375
222848.421875
468885.125
190353.140625
1005707.0
453754.4375
521766.34375
246972.96875
1825391.375
321281.75
382001.1875
372159.15625
525098.875
886313.625
679641.875
1173170.75
300779.25
394112.90625
276046.90625
629257.5
412696.84375
652714.4375
224369.53125
206079.6875
259685.359375
384698.5
554999.625
221132.765625
310844.46875
283066.8125
483873.875
225108.53125
349355.21875
1234338.5
885380.9375
574048.625
304834.53125
400994.0625
730010.6875
576291.5625
270811.71875
742364.25
229976.125
1249170.875
767464.875
312466.40625
701192.625
489107.21875
809381.625
989224.0
186313.703125
1114124.25
370516.6875
153272.390625
284040.84375
785311.1875
309376.40625
1089070.375
360880.375
301070.5625
528040.125
155431.359375
442828.34375
385773.125
138951.1875
284282.03125
453786.90625
799754.5
611823.8125
375756.875
245518.84375
203288.71875
525440.0625
253670.71875
394929.0
1096141.25
1112471.125
200959.234375
452628.15625
296347.5
363827.71875
416009.4375
267006.8125
302433.4375
420559.71875
631846.875
612641.25
695670.1875
277134.96875
724164.625
268537.75
414688.40625
298826.1875
275761.15625
234368.015625
295507.875
851813.375
651488.6875
416711.84375
324880.46875
283750.34375
659482.0
233554.0625
689296.6875
337627.0625
759891.375
574624.3125
270841.4375
311266.59375
620024.875
782177.1875
1868171.5
440072.46875
579050.0
1097090.875
346636.5
551435.75
470718.5
111988.671875
302975.3125
975144.0
646545.8125
151291.078125
295713.125
1122540.125
287187.375
313020.25
238340.90625
536597.0625
547984.1875
393286.90625
361110.71875
235899.34375
407037.78125
341277.71875
177530.859375
396837.46875
329184.40625
266852.53125
707553.3125
287582.3125
147211.390625
212133.4375
301742.3125
536038.0
218983.15625
463330.53125
218617.578125
1287849.5
337372.8125
568617.5
221940.25
879783.6875
1529758.75
541494.0625
1146748.625
1006620.5
823361.75
487941.09375
295595.53125
413682.34375
210649.078125
145692.796875
400671.4375
209807.421875
908025.3125
265323.90625
411268.28125
1014252.375
166804.71875
487255.6875
481453.625
587260.125
350468.4375
185621.328125
481528.0
375543.34375
284904.65625
382176.09375
219784.671875
238265.234375
475152.5
268757.8125
399381.625
376777.75
307358.125
353726.90625
162074.359375
608838.5
192332.46875
357525.34375
1550116.25
406983.4375
349456.5
205178.203125
547846.1875
305357.375
765925.75
950739.6875
671598.875
211912.234375
324310.59375
481516.53125
1617776.375
1306992.875
289040.6875
488080.25
490309.34375
732100.875
761765.5625
481354.90625
725893.9375
1220370.0
755731.5
568660.3125
328462.5
205644.625
438417.0
238536.015625
389117.03125
552360.0
587271.875
383328.8125
413374.75
669311.8125
978409.9375
313769.84375
203986.109375
1194548.125
443069.96875
1347585.25
2953209.75
161423.859375
136100.890625
307502.96875
896563.6875
740136.75
365849.21875
609697.25
254722.34375
450715.625
414800.34375
324481.0625
438567.96875
730903.75
1335918.0
262778.78125
523150.5
166902.734375
2336074.25
222666.578125
453836.6875
483795.4375
183731.21875
231557.8125
428957.1875
293299.96875
380137.9375
1721293.0
406061.5
290041.625
236570.9375
282257.03125
1117467.625
181914.984375
1240191.125
343639.625
342417.4375
2403361.75
448592.09375
466538.5
376588.8125
541350.5625
303058.25
304897.625
331146.34375
420858.21875
700491.5
625760.25
246984.265625
431479.21875
288959.09375
401478.5
502810.5625
1029453.5625
266448.46875
2228107.25
360984.34375
268471.9375
407536.875
413897.8125
481743.875
342392.9375
466387.6875
592518.9375
487923.40625
844040.75
512478.3125
409263.0625
146961.5625
633891.125
179603.84375
143400.53125
368080.25
329497.53125
171526.671875
352041.53125
506183.25
521369.90625
395640.71875
609761.8125
216913.375
393778.5625
1627232.125
1347661.125
1302642.625
421810.125
565251.8125
366819.40625
213094.34375
508295.75
379327.46875
841264.25
302863.21875
1234429.25
727243.6875
1368250.625
591269.1875
262594.15625
155542.5625
866946.3125
145313.96875
2320807.75
177489.5625
289400.0625
226799.234375
182163.0625
367551.625
540601.9375
216502.3125
239010.5625
486071.25
255332.078125
516787.4375
325656.59375
816388.125
300096.78125
147996.015625
224083.421875
663953.6875
246376.140625
420392.90625
585445.0
339949.125
1276364.625
560438.0625
392318.90625
531498.9375
137877.09375
284445.84375
168363.109375
627236.625
392003.28125
1812217.625
689079.8125
223304.96875
204536.03125
681994.875
735934.125
573927.125
263252.09375
308342.8125
977228.4375
1686716.0
279434.3125
289254.09375
190167.515625
246500.0
1453176.5
184644.4375
222056.484375
276598.71875
754232.4375
386424.84375
1438652.25
1062395.25
873426.8125
193677.046875
346871.96875
354309.625
458337.59375
475157.5
690646.25
284018.09375
570367.9375
523339.625
676131.5
291508.84375
285650.09375
865396.6875
239637.765625
282560.5625
502273.3125
479789.3125
503635.53125
341135.1875
643156.0625
324587.21875
466021.34375
647765.3125
662722.625
486319.3125
259390.578125
244499.859375
540306.0625
360040.21875
342610.15625
292486.5625
849563.6875
359030.78125
260136.734375
441641.125
286944.8125
546442.5625
1869094.625
349401.1875
1203097.5
693854.0625
386615.4375
341555.78125
754813.125
708597.25
517209.0
1632387.75
227746.84375
205883.046875
349834.96875
162869.53125
178375.5
253477.75
850065.375
312489.34375
1209776.5
769134.75
311049.09375
1287887.5
887348.8125
266067.84375
562129.5625
175122.546875
778206.25
326509.0
1087115.375
423314.0625
369628.375
436000.34375
2006299.75
427428.3125
461169.5625
299636.34375
709228.75
602109.8125
480450.96875
894481.5
1063989.25
287478.125
2052364.25
191940.15625
387740.5
370087.25
147462.765625
603239.1875
1231557.75
717203.6875
1910455.875
299130.40625
311650.96875
1591131.375
360699.75
326935.5625
396823.09375
1784433.125
433223.75
215021.21875
331398.46875
1876947.0
386928.59375
553318.0
176935.5625
207680.53125
278967.8125
350067.9375
2818061.0
512060.125
232729.625
338820.53125
288223.15625
573394.25
1125107.0
282451.96875
598314.75
392908.25
710831.5
596753.9375
909240.1875
501829.46875
208988.265625
301236.5625
552453.75
966563.9375
474513.09375
263359.0625
442251.40625
310462.90625
828444.4375
202339.8125
948140.125
475133.9375
333998.59375
578352.9375
353549.15625
200295.3125
339682.75
323049.3125
1284645.375
739661.875
300206.40625
186167.1875
651259.5
393742.125
1195865.75
421108.34375
197332.25
158847.734375
1088651.875
984728.5625
311051.75
350231.5625
276492.9375
663568.8125
321114.8125
285070.96875
539763.25
404515.84375
348933.34375
422785.96875
463289.875
833808.875
133775.828125
355865.3125
375440.9375
1764007.25
271276.21875
518575.625
444021.71875
340363.0625
1404657.375
1123713.0
495102.5625
229860.796875
726169.5
252910.78125
302494.3125
264869.34375
458422.84375
444695.9375
597149.625
437795.71875
2349452.75
595181.875
243675.828125
1518407.125
1115555.25
203591.578125
226518.875
246730.953125
411883.34375
194723.8125
870059.8125
940728.4375
305533.625
293917.09375
724857.625
217802.234375
1110662.625
322433.40625
242825.140625
1039455.9375
415233.34375
1799379.0
535427.9375
522224.34375
307180.84375
261086.40625
805581.3125
353005.71875
323512.6875
151597.984375
502042.96875
828852.1875
401357.15625
298404.15625
441504.25
2254100.5
564306.0
249345.96875
609012.125
469773.15625
126896.8828125
505486.65625
872623.375
458398.34375
446036.40625
226157.109375
1042047.4375
225345.234375
767841.1875
212304.65625
202147.140625
773945.375
333254.40625
201754.046875
424402.25
440807.53125
384581.125
1027488.0
258554.8125
415878.125
400085.34375
589438.3125
423301.96875
152117.46875
247751.4375
1108910.0
358982.1875
204077.171875
322123.3125
623141.125
973555.0625
622810.8125
255074.828125
249422.3125
944795.9375
227188.6875
397123.3125
384958.34375
220671.1875
209146.96875
263033.78125
216617.765625
206925.328125
252690.1875
211350.34375
449000.0
202064.453125
241336.984375
372186.5
383597.25
249091.65625
814942.0625
438870.46875
677375.8125
254888.0625
453783.0
383322.59375
899468.625
242076.921875
414325.90625
545160.0
444697.625
511048.78125
1076727.25
163824.625
286200.375
1539134.5
137436.78125
483159.15625
516193.90625
207871.953125
419443.40625
513359.78125
478338.75
243983.234375
233494.59375
520025.1875
894132.6875
1549590.0
290582.0625
376805.0625
508324.34375
228798.53125
482488.28125
446181.03125
242253.828125
495877.53125
303237.1875
701202.0
514781.5
1549684.625
747999.75
553207.1875
276664.125
482717.0
279644.125
419677.0625
595657.6875
411843.25
522495.34375
411912.40625
373062.8125
538523.0625
384719.40625
407371.34375
370854.28125
708992.0625
169309.390625
365489.34375
287320.25
227088.828125
748795.5625
861635.6875
624017.125
485607.4375
437116.9375
552996.6875
311730.625
438603.5
299187.78125
749987.625
200044.671875
114622.2109375
608443.75
369868.84375
323742.9375
351496.03125
167843.375
434819.40625
218649.6875
522476.40625
386111.0
514823.25
331292.59375
594274.375
231048.03125
387374.59375
858022.0
305029.9375
424429.375
430356.09375
291822.0625
253675.5625
483719.78125
694430.6875
559211.1875
256257.359375
192244.625
285203.6875
351786.46875
429483.59375
463706.71875
685067.125
542758.6875
223939.0
235282.828125
800113.8125
1299422.75
208811.15625
374470.09375
121461.734375
299016.90625
230971.359375
275579.75
272664.375
513580.625
148314.0625
530298.9375
476837.5625
574902.25
196022.84375
531779.8125
434566.09375
225897.15625
205935.671875
250234.515625
895544.1875
844267.75
180095.234375
221065.921875
471450.8125
328895.40625
310935.8125
313833.875
179582.265625
213081.328125
314274.15625
334653.5
310952.40625
202738.296875
323889.90625
971094.9375
358034.78125
915103.375
478995.1875
176329.65625
1551115.875
141838.4375
313971.59375
666509.75
476984.0
176713.8125
2482991.5
934690.375
408946.65625
266065.5625
235739.453125
317911.09375
821329.8125
405854.375
220049.984375
258712.421875
911398.375
244640.96875
612423.9375
265132.90625
743702.125
511477.875
839063.25
164144.28125
533163.0625
495515.40625
1821357.125
240201.3125
1523171.5
322933.78125
322021.625
1138481.25
230173.15625
489425.4375
264581.28125
196115.21875
175987.78125
673571.9375
490672.8125
141922.875
296761.8125
221482.484375
248076.765625
516417.9375
415156.53125
275189.21875
298960.71875
324051.1875
1034102.875
517047.21875
142101.09375
1282681.875
414328.6875
508611.40625
191717.328125
187302.640625
550965.8125
281960.8125
413698.9375
233794.515625
218150.015625
333192.125
341243.875
226208.65625
745230.6875
220827.828125
284864.4375
513112.59375
328829.84375
275073.75
175334.265625
281573.3125
762144.875
369380.625
536283.4375
2103290.0
780040.0625
672608.4375
276999.15625
828903.5625
241613.5625
437291.65625
569381.0
737924.4375
479678.59375
1120184.25
461889.21875
305672.34375
146711.171875
243422.65625
374197.0
437421.78125
662995.75
427661.53125
143250.578125
416570.0
1467966.25
257468.703125
448652.4375
787501.875
2075485.75
332940.5625
334842.5
627210.3125
472222.5
420241.0
239072.578125
556819.125
224015.6875
246835.921875
573940.8125
291063.28125
282733.59375
310279.375
379093.125
479728.9375
732639.375
165279.03125
448072.59375
334896.46875
329114.09375
632292.375
406303.59375
150539.21875
397392.65625
299264.25
846843.375
1228582.75
201365.765625
617905.125
175830.078125
268697.34375
576289.375
298611.09375
322396.21875
567424.125
131963.578125
932730.4375
788970.75
281631.875
411046.71875
693317.0
255330.375
606358.4375
753449.5
1548678.5
661295.8125
771601.0625
1353746.25
1394742.125
335003.46875
667914.75
259893.96875
729862.375
681528.6875
363190.53125
221362.546875
287677.78125
527232.0
491659.28125
1491635.25
216099.453125
795568.3125
361143.78125
330135.4375
355821.21875
233715.828125
138536.90625
441652.90625
1251454.25
313459.6875
515126.25
357455.46875
185099.671875
185433.609375
228031.984375
347214.84375
532087.1875
1449868.0
1052416.0
1678253.75
1052452.125
263816.0625
575869.0625
182964.125
134732.75
624390.375
302767.03125
352532.375
357670.28125
206232.25
362085.9375
633837.9375
473364.15625
273064.34375
266022.6875
311322.40625
532069.9375
441499.1875
228539.46875
937250.375
519216.9375
532156.25
328417.71875
1147716.875
190712.0
524693.9375
358105.125
506724.6875
467998.34375
595033.1875
193214.359375
1279550.375
585306.0
1230254.75
244112.171875
880237.6875
397498.8125
211654.109375
627723.75
388416.6875
267127.03125
158672.25
257388.921875
332651.09375
412950.0
1007016.0625
599800.1875
249275.59375
225575.09375
237752.03125
762722.1875
807962.625
867967.1875
305367.0
324557.5
233023.671875
620941.5
731316.5
450916.40625
631036.375
328361.34375
525743.3125
178336.046875
392413.59375
177723.125
648585.625
316284.15625
246546.78125
181013.53125
129319.7578125
254016.171875
347368.53125
234071.375
797521.375
840157.8125
348593.09375
571674.875
958280.5
618350.1875
549054.4375
232972.109375
353424.4375
377536.6875
179282.125
631795.0625
195774.5625
421538.6875
1148502.0
196479.140625
629866.3125
587346.9375
234619.59375
277656.40625
218125.671875
415468.625
259876.875
206528.265625
2088258.0
596813.125
195254.90625
244428.75
340428.3125
333477.28125
173275.375
891884.375
1213137.375
215955.03125
394346.40625
322996.625
318371.65625
191568.921875
866307.4375
364186.3125
665707.4375
331813.0625
287940.1875
213950.1875
854706.1875
1576011.25
295417.71875
204025.796875
446728.15625
1092643.875
793268.9375
344804.03125
193824.859375
505131.03125
2196372.75
289825.96875
205386.703125
365897.375
206062.984375
263479.40625
826846.0625
428581.0
1528274.375
205247.671875
393980.625
463997.34375
146734.40625
161069.5625
367995.3125
735908.875
277186.53125
1139016.625
638688.5625
2024582.375
516540.59375
1234039.625
337514.0625
308828.40625
226586.71875
260095.0625
962011.8125
1052477.25
207696.578125
1038781.0625
258661.59375
245451.1875
383058.40625
442948.28125
537822.5
409881.78125
212792.765625
257140.625
587349.75
1187709.75
354396.46875
594345.8125
282913.78125
295616.96875
349128.71875
378267.5625
255912.515625
603138.5625
556052.875
230862.359375
511997.625
875809.8125
502602.5
269517.3125
338708.75
312996.0625
187128.203125
138665.109375
253607.59375
263020.71875
268673.75
1184673.5
237752.484375
530358.625
364919.875
763178.375
459574.0625
535836.625
338362.96875
159470.5
552531.75
224152.25
533240.3125
567119.5
102417.296875
292031.6875
1468194.5
622718.75
404129.46875
377992.4375
334164.28125
353321.96875
298555.0
913321.3125
931417.5625
322725.65625
1090755.25
555520.6875
246298.609375
463586.0
541698.125
505791.4375
1083450.375
182757.65625
304829.28125
257970.09375
1499519.75
774960.875
368954.28125
402663.71875
339023.5
287492.09375
237238.796875
475725.15625
487300.75
392197.34375
324384.53125
213193.734375
457715.5625
715738.75
746280.4375
299895.9375
459702.9375
560050.1875
289585.03125
290780.5625
449756.8125
184018.96875
240704.875
530988.25
235204.53125
311573.40625
289174.9375
145266.4375
440926.53125
297020.3125
270262.6875
211729.609375
454959.46875
1949812.875
261187.75
275951.875
440589.0
946827.1875
186763.4375
233238.0
1245889.5
1513532.125
342979.25
256257.359375
175072.78125
688946.4375
613119.9375
397728.96875
394421.25
290004.84375
432398.21875
1064765.75
1464371.375
168454.828125
1029738.3125
1270781.25
401831.28125
337651.53125
273493.0625
293986.90625
365478.1875
370574.65625
454776.84375
519126.34375
256096.84375
397067.625
490355.625
365084.53125
568963.0
312334.125
562157.4375
685437.625
288428.5625
804085.375
735573.4375
802375.625
301445.46875
553037.875
570868.0
174572.765625
1965172.875
805629.75
420647.15625
178135.296875
1146687.375
292221.6875
421872.5
312873.71875
382476.90625
204711.265625
415468.625
217647.546875
258605.109375
449176.4375
315194.71875
2666313.75
286507.59375
1240228.875
293668.84375
1048425.0625
320204.71875
521877.3125
351894.5
249441.34375
656946.625
479828.6875
582401.125
652385.875
530593.375
863415.75
470871.59375
296928.0
222582.296875
572139.5625
438957.9375
89816.265625
586164.0
418454.9375
229913.84375
245133.984375
285329.90625
1225178.0
321224.15625
345426.71875
653574.6875
352963.3125
203864.375
349653.1875
136429.40625
192850.234375
471825.46875
305935.125
360256.28125
1223949.375
590312.5
352815.5625
314764.875
610288.3125
552150.375
294595.375
786344.6875
515069.28125
672017.25
192251.046875
2470411.75
352057.96875
115861.25
340591.65625
533859.0625
506626.59375
849780.0625
522458.96875
306704.875
392055.625
849626.9375
253518.125
144673.890625
2223477.5
492424.625
826969.875
408432.1875
633372.625
267885.75
331765.59375
759753.6875
216366.90625
283628.59375
290165.3125
1271351.0
1702216.375
409925.15625
113576.5234375
286472.625
804867.9375
448291.4375
360366.5625
905030.5625
688168.9375
188761.59375
571213.8125
671796.8125
254999.421875
1114124.25
735411.4375
683947.5625
469132.9375
197055.984375
235215.53125
1548843.875
248633.84375
458272.46875
746001.5
684443.4375
576464.75
377145.15625
241466.59375
222320.5
317912.3125
404857.40625
314938.40625
296302.84375
371190.78125
420453.4375
521582.78125
196386.796875
1421128.25
550962.125
531820.375
350299.6875
1580588.5
505908.65625
990539.9375
321680.3125
230496.0625
310439.21875
593666.5625
1061339.125
242351.578125
168672.15625
376061.59375
205397.078125
157631.5625
303639.4375
351804.90625
251887.0625
479567.46875
332638.40625
243346.046875
346890.8125
674327.8125
633682.625
142881.375
518756.65625
523581.25
407271.90625
174925.90625
388194.125
170435.46875
248003.4375
280369.125
216443.0625
942785.125
936862.5
148972.8125
1164638.5
304686.875
318366.1875
556936.5
461327.90625
476928.0625
616376.6875
211461.828125
477122.3125
948438.5625
278188.875
718068.125
399531.71875
523486.375
461720.53125
528118.1875
624672.125
649729.6875
405508.5
832529.625
499481.3125
910220.5625
129409.078125
205246.5
238097.140625
691429.1875
447502.5
408910.78125
490740.65625
220183.484375
824864.5
483699.9375
190545.109375
328325.34375
583737.375
187503.34375
168212.25
562772.1875
473631.9375
373521.71875
287089.90625
377952.0625
182024.84375
642735.4375
568361.0625
856559.3125
285034.28125
185327.34375
1095743.125
809785.4375
362130.125
540677.75
1185134.5
280990.9375
1019489.0625
524507.8125
260582.671875
630498.5625
752056.125
380764.5625
185984.046875
420932.5
198554.171875
709133.375
955447.0625
261735.578125
822225.5625
314433.34375
304956.9375
709866.1875
448833.03125
242780.6875
460181.5
269717.59375
230852.671875
244905.6875
979268.75
329697.46875
532451.6875
1450038.125
333773.15625
1221486.625
341739.21875
380457.46875
448523.21875
797369.25
492638.8125
710389.0
358272.15625
856976.875
646664.1875
282965.84375
750582.9375
241370.359375
725304.3125
287349.84375
435502.0625
231724.15625
1037605.8125
237306.453125
1069263.5
730988.8125
243284.09375
1003078.625
894572.8125
229811.25
487303.0625
1261094.0
174711.671875
309118.65625
442670.0
371735.625
646259.75
371448.9375
272345.75
561209.875
290971.40625
352125.8125
250063.234375
473684.34375
416698.34375
901538.3125
350739.625
802438.375
313203.90625
510155.71875
507143.34375
1092039.625
241180.765625
546977.5
338665.125
219142.546875
2775326.5
464432.96875
467680.25
360576.28125
231438.15625
338797.25
455006.34375
192384.375
1694036.5
990130.0625
247175.609375
1304931.625
314170.75
180797.1875
600357.0
2287284.0
898039.8125
511414.9375
389833.90625
423591.09375
1171715.0
220189.578125
1439945.375
595787.25
887056.875
225496.578125
248002.734375
1598358.5
174516.84375
523619.1875
173789.21875
147633.859375
479709.71875
486289.625
350040.5625
462695.5625
331729.21875
467251.8125
416531.0625
564479.3125
960401.25
837955.6875
1745072.75
375381.5
271620.78125
263263.65625
177663.3125
1158222.0
945958.0625
526869.125
482817.375
1149123.125
228170.109375
286417.4375
221976.875
969791.875
321235.5
164793.3125
835737.0625
732568.8125
279112.59375
299930.53125
395401.9375
864247.8125
321421.8125
126001.140625
229194.6875
457184.21875
387186.96875
239802.828125
484541.625
697429.875
853011.625
1068235.0
910125.9375
368662.71875
558165.3125
1033243.25
185032.609375
1271351.0
261849.921875
1677458.5
428134.5
735720.0625
238591.53125
472318.0
763502.3125
185424.046875
373347.90625
252427.890625
319693.9375
235767.109375
305929.5625
329968.90625
420005.40625
1128266.0
867067.875
311384.46875
362653.71875
570913.75
420132.78125
471145.15625
274276.125
1452335.5
238642.046875
854507.3125
867794.1875
272966.1875
368495.40625
373801.4375
700463.4375
360064.625
304631.09375
1065589.625
162946.75
337455.1875
531260.75
257941.5625
234803.59375
277064.40625
1156886.25
1560506.375
565193.0625
378748.375
186300.5625
233693.984375
372296.1875
863775.625
541136.8125
654325.5625
1358299.625
678915.0625
384253.71875
788588.625
774960.875
228966.609375
569190.4375
280389.71875
1282281.875
496149.53125
214960.3125
1242715.25
218697.4375
569193.125
717739.4375
254184.109375
982141.875
244256.3125
278992.84375
345516.65625
1059437.875
245971.640625
678662.5625
168550.765625
402149.09375
438741.5625
405862.5
1580826.625
466920.40625
674145.1875
519100.09375
383309.8125
288774.78125
85308.8515625
422100.65625
260343.21875
638606.9375
185618.3125
681200.5625
773195.0625
240308.765625
127504.515625
309271.6875
396602.15625
672117.25
792896.0625
547984.1875
424735.0625
367119.34375
715093.3125
212119.28125
229880.296875
1834156.625
413771.90625
1009956.1875
188929.265625
205184.84375
499841.09375
391248.46875
389596.78125
318620.71875
328952.5
257323.625
321286.96875
407672.9375
268879.0625
2015278.125
373276.0
1121737.5
390394.5625
257977.46875
336200.15625
305775.84375
288921.0625
1034005.25
460318.4375
162460.453125
571173.0
193621.828125
707265.25
358376.03125
198745.890625
1238417.0
323310.03125
439892.46875
335810.5
699398.75
509998.125
342983.1875
1760078.375
350532.625
1177163.875
470316.90625
503771.96875
695796.25
217346.984375
889931.875
367146.65625
528937.75
216234.0625
384359.65625
354426.875
191854.6875
239246.375
338630.25
762373.8125
271754.46875
197174.421875
487524.8125
261501.296875
511428.125
136399.75
